4984040006476863
4984040006472573
4984040006471682
4984040006476012
4984040006471484
4984040006475550
4984040006473407
4984040006471708
4984040006476376
4984040006475477
4984040006476251
4984040006475477
4984040006473001
4984040006471385
4984040006472144
4984040006473084
4984040006472052
4984040006478646
4984040006477010
4984040006471450
4984040006471161
4984040006475857
4984040006475840
4984040006477887
4984040006475543
4984040006470361
4984040006473803
4984040006476780
4984040006472664
4984040006470775
4984040006473811
4984040006474553
4984040006477671
4984040006478166
4984040006475733
4984040006470684
4984040006473662
4984040006470445
4984040006470601
4984040006477770
4984040006471302
4984040006472128
4984040006476517
4984040006470833
4984040006473654
4984040006472458
4984040006478232
4984040006470486
4984040006477275
4984040006474041
4984040006477374
4984040006477440
4984040006478414
4984040006473282
4984040006478646
4984040006472250
4984040006471872
4984040006472888
4984040006473522
4984040006473266
4984040006476327
4984040006474710
4984040006475261
4984040006474082
4984040006471260
4984040006472086
4984040006472508
4984040006471278
4984040006475360
4984040006476012
4984040006474116
4984040006470585
4984040006477416
4984040006475865
4984040006471724
4984040006473456
4984040006472482
4984040006475360
4984040006470387
4984040006477168
4984040006470312
4984040006472870
4984040006475550
4984040006478414
4984040006471575
4984040006476053
4984040006470833
4984040006471831
4984040006476434
4984040006478323
4984040006475287
4984040006478208
4984040006472243
4984040006478034
4984040006472631
4984040006474462
4984040006475204
4984040006476657
4984040006474462
4984040006475808
4984040006475204
4984040006474223
4984040006477226
4984040006470502
4984040006474637
4984040006478836
4984040006470544
4984040006478133
4984040006473688
4984040006477168
4984040006474488
4984040006470205
4984040006471013
4984040006470858
4984040006473704
4984040006474603
4984040006477770
4984040006474868
4984040006472417
4984040006473878
4984040006474074
4984040006473100
4984040006475766
4984040006477846
4984040006473365
4984040006471567
4984040006474884
4984040006471641
4984040006471443
4984040006473688
4984040006477127
4984040006470502
4984040006473753
4984040006475170
4984040006473720
4984040006474876
4984040006475170
4984040006474058
4984040006475634
4984040006475378
4984040006476673
4984040006475683
4984040006471476
4984040006475337
4984040006471187
4984040006470361
4984040006477143
4984040006478208
4984040006473704
4984040006472524
4984040006477218
4984040006475006
4984040006475477
4984040006474074
4984040006476426
4984040006476483
4984040006473720
4984040006478588
4984040006470130
4984040006477572
4984040006471088
4984040006478554
4984040006475030
4984040006470387
4984040006474702
4984040006475154
4984040006473464
4984040006478760
4984040006476574
4984040006470114
4984040006470650
4984040006470288
4984040006474215
4984040006474470
4984040006476780
4984040006478034
4984040006473811
4984040006477325
4984040006473712
4984040006471088
4984040006476301
4984040006475667
4984040006477317
4984040006471583
4984040006470221
4984040006471815
4984040006470668
4984040006474215
4984040006473225
4984040006471203
4984040006474777
4984040006471765
4984040006478711
4984040006478778
4984040006476756
4984040006478166
4984040006473555
4984040006476277
4984040006471120
4984040006476632
4984040006475147
4984040006470080
4984040006472565
4984040006474512
4984040006476137
4984040006473522
4984040006476228
4984040006474314
4984040006473605
4984040006470353
4984040006475014
4984040006478711
4984040006473282
4984040006472623
4984040006470478
4984040006478406
4984040006472383
4984040006472607
4984040006477028
4984040006478315
4984040006473787
4984040006477671
4984040006475675
4984040006474355
4984040006474041
4984040006473134
4984040006471617
4984040006478372
4984040006470163
4984040006478422
4984040006477416
4984040006471310
4984040006474868
4984040006478810
4984040006471278
4984040006476376
4984040006470858
4984040006476061
4984040006472342
4984040006475816
4984040006476426
4984040006477382
4984040006470536
4984040006472243
4984040006475436
4984040006478513
4984040006470502
4984040006476137
4984040006472425
4984040006470882
4984040006478661
4984040006471757
4984040006476566
4984040006470858
4984040006473704
4984040006471211
4984040006471724
4984040006478687
4984040006475451
4984040006472011
4984040006473217
4984040006475873
4984040006474165
4984040006477036
4984040006473506
4984040006476624
4984040006478281
4984040006471203
4984040006470783
4984040006475725
4984040006478208
4984040006473332
4984040006475212
4984040006477713
4984040006475642
4984040006472888
4984040006475550
4984040006475154
4984040006476103
4984040006470841
4984040006473670
4984040006474207
4984040006470635
4984040006474371
4984040006477465
4984040006470262
4984040006472243
4984040006476160
4984040006472045
4984040006475584
4984040006475618
4984040006471062
4984040006477663
4984040006473340
4984040006471625
4984040006477655
4984040006477325
4984040006478703
4984040006471146
4984040006471062
4984040006476640
4984040006476368
4984040006472607
4984040006478851
4984040006472540
4984040006478133
4984040006472045
4984040006477440
4984040006474033
4984040006478711
4984040006476046
4984040006471856
4984040006475576
4984040006473811
4984040006476236
4984040006470718
4984040006475345
4984040006473803
4984040006476574
4984040006473167
4984040006472367
4984040006473027
4984040006475634
4984040006475303
4984040006474512
4984040006470452
4984040006477861
4984040006478851
4984040006475436
4984040006477713
4984040006470684
4984040006470510
4984040006475311
4984040006473456
4984040006474405
4984040006470338
4984040006476277
4984040006476806
4984040006475733
4984040006470486
4984040006478232
4984040006470163
4984040006472433
4984040006472011
4984040006476517
4984040006475832
4984040006472581
4984040006473225
4984040006475113
4984040006471278
4984040006471633
4984040006470353
4984040006478141
4984040006474348
4984040006470346
4984040006476210
4984040006470858
4984040006473266
4984040006478802
4984040006472557
4984040006476053
4984040006477010
4984040006475048
4984040006470668
4984040006476848
4984040006471542
4984040006476822
4984040006477341
4984040006473118
4984040006474744
4984040006477747
4984040006472581
4984040006476038
4984040006471054
4984040006478760
4984040006473241
4984040006473845
4984040006475402
4984040006475428
4984040006473324
4984040006470460
4984040006474611
4984040006477713
4984040006473076
4984040006478836
4984040006477333
4984040006476640
4984040006473100
4984040006474272
4984040006478588
4984040006470213
4984040006478364
4984040006477325
4984040006477085
4984040006478752
4984040006474504
4984040006470056
4984040006470015
4984040006473738
4984040006478661
4984040006471203
4984040006477788
4984040006477374
4984040006478406
4984040006477317
4984040006474314
4984040006475881
4984040006475352
4984040006475402
4984040006475428
4984040006478661
4984040006470387
4984040006478521
4984040006475162
4984040006474850
4984040006470528
4984040006473274
4984040006475733
4984040006477812
4984040006475741
4984040006472771
4984040006470361
4984040006476723
4984040006472326
4984040006470841
4984040006471005
4984040006470031
4984040006471310
4984040006478018
4984040006476657
4984040006472607
4984040006471153
4984040006471427
4984040006478406
4984040006478018
4984040006470221
4984040006477044
4984040006475014
4984040006476814
4984040006478612
4984040006478281
4984040006473688
4984040006476087
4984040006476426
4984040006470148
4984040006470148
4984040006473423
4984040006476418
4984040006473381
4984040006476764
4984040006472284
4984040006478422
4984040006478125
4984040006474777
4984040006471534
4984040006471120
4984040006474330
4984040006472227
4984040006477234
4984040006470825
4984040006474835
4984040006477523
4984040006472318
4984040006470585
4984040006478042
4984040006478406
4984040006474348
4984040006470023
4984040006474777
4984040006474645
4984040006471385
4984040006475055
4984040006476830
4984040006473167
4984040006474736
4984040006472722
4984040006472326
4984040006473324
4984040006473050
